1
 8 0 0 0 0 0 0
 0 0.02 8.38352 8.44397 22.5515 15.3958 8.40715 1616.39 1616.39 3.51613 5.43692 -2.52004 -6.32225 0 0 0
1
 19 0 0 0 0 0 0
 0 0.02 8.38352 0 22.5515 6.88847 6.88847 2.9276e-05 2.9276e-05 5.52792 -2 -9.43861 19.1886 0 0 0
1
 19 0 0 0 0 0 0
 0 0.02 8.38352 0 22.5515 6.88847 6.88847 2.9276e-05 2.9276e-05 5.52792 -2 -9.43861 19.1886 0 0 0
1
 8 0 0 0 0 0 0
 0 0.02 15.4356 15.4704 14.0561 12.0386 4.5385 1264.51 1264.51 3.51094 5.2029 -2.62904 -5.62821 0 0 0
1
 18 0 0 0 0 0 0
 0 0.02 15.4356 0 14.0561 1.51238 1.51238 1.89259e-05 1.89259e-05 6.91283 3.16075 -18.0943 14.9424 0 12 0.1
1
 18 0 0 0 0 0 0
 0 0.02 15.4356 0 14.0561 1.51238 1.51238 1.89259e-05 1.89259e-05 6.91283 3.16075 -18.0943 14.9424 0 12 0.1
1
 8 0 0 0 0 0 0
 0 0.02 14.2027 14.306 14.822 12.4833 4.8636 1301.05 1301.05 3.51185 5.23129 -2.61004 -5.71819 0 0 0
1
 18 0 0 0 0 0 0
 0 0.02 14.2027 0 14.822 1.59689 1.59689 1.85859e-05 1.85859e-05 6.91218 3.14238 -18.0902 14.9842 0 12 0.1
1
 18 0 0 0 0 0 0
 0 0.02 14.2027 0 14.822 1.59689 1.59689 1.85859e-05 1.85859e-05 6.91218 3.14238 -18.0902 14.9842 0 12 0.1
1
 8 0 0 0 0 0 0
 0 0.02 17.7522 17.902 12.7887 11.944 4.01242 1133.92 1133.92 3.51681 5.13171 -2.50562 -5.57365 0 0 0
1
 18 0 0 0 0 0 0
 0 0.02 17.7522 0 12.7887 1.40254 1.40254 1.94076e-05 1.94076e-05 6.91374 3.18622 -18.1 14.8844 0 12 0.1
1
 18 0 0 0 0 0 0
 0 0.02 17.7522 0 12.7887 1.40254 1.40254 1.94076e-05 1.94076e-05 6.91374 3.18622 -18.1 14.8844 0 12 0.1
1
 8 0 0 0 0 0 0
 0 0.02 17.6454 17.7921 12.8385 11.9819 4.03278 1138.66 1138.66 3.51676 5.13514 -2.50664 -5.58121 0 0 0
1
 18 0 0 0 0 0 0
 0 0.02 17.6454 0 12.8385 1.40625 1.40625 1.93905e-05 1.93905e-05 6.91371 3.18532 -18.0998 14.8865 0 12 0.1
1
 18 0 0 0 0 0 0
 0 0.02 17.6454 0 12.8385 1.40625 1.40625 1.93905e-05 1.93905e-05 6.91371 3.18532 -18.0998 14.8865 0 12 0.1
1
 8 0 0 0 0 0 0
 0 0.02 18.4133 18.5393 12.512 11.735 3.89959 1106.04 1106.04 3.51719 5.11158 -2.49766 -5.53129 0 0 0
1
 18 0 0 0 0 0 0
 0 0.02 18.4133 0 12.512 1.3827 1.3827 1.94999e-05 1.94999e-05 6.91392 3.19103 -18.1011 14.8735 0 12 0.1
1
 18 0 0 0 0 0 0
 0 0.02 18.4133 0 12.512 1.3827 1.3827 1.94999e-05 1.94999e-05 6.91392 3.19103 -18.1011 14.8735 0 12 0.1
1
 8 0 0 0 0 0 0
 0 0.02 23.7656 23.9027 10.7562 10.2584 3.20199 882.314 882.314 3.52251 4.93657 -2.38353 -5.2079 0 0 0
1
 18 0 0 0 0 0 0
 0 0.02 23.7656 0 10.7562 1.28363 1.28363 1.99892e-05 1.99892e-05 6.91481 3.21614 -18.1067 14.8163 0 12 0.1
1
 18 0 0 0 0 0 0
 0 0.02 23.7656 0 10.7562 1.28363 1.28363 1.99892e-05 1.99892e-05 6.91481 3.21614 -18.1067 14.8163 0 12 0.1
1
 8 0 0 0 0 0 0
 0 0.02 29.7434 29.9528 9.49612 9.1773 2.72217 679.705 679.705 3.53174 4.74689 -2.18203 -4.93518 0 0 0
1
 18 0 0 0 0 0 0
 0 0.02 29.7434 0 9.49612 1.23458 1.23458 2.02505e-05 2.02505e-05 6.91528 3.2293 -18.1096 14.7863 0 12 0.1
1
 18 0 0 0 0 0 0
 0 0.02 29.7434 0 9.49612 1.23458 1.23458 2.02505e-05 2.02505e-05 6.91528 3.2293 -18.1096 14.7863 0 12 0.1
1
 8 0 0 0 0 0 0
 0 0.02 27.1478 27.3232 9.98072 9.59387 2.90451 760.358 760.358 3.52754 4.82748 -2.27416 -5.04455 0 0 0
1
 18 0 0 0 0 0 0
 0 0.02 27.1478 0 9.98072 1.25168 1.25168 2.01579e-05 2.01579e-05 6.91512 3.22465 -18.1086 14.7969 0 12 0.1
1
 18 0 0 0 0 0 0
 0 0.02 27.1478 0 9.98072 1.25168 1.25168 2.01579e-05 2.01579e-05 6.91512 3.22465 -18.1086 14.7969 0 12 0.1
1
 8 0 0 0 0 0 0
 0 0.02 38.1322 38.3597 8.35338 8.15327 2.30369 493.639 493.639 3.54196 4.50996 -1.9561 -4.56881 0 0 0
1
 18 0 0 0 0 0 0
 0 0.02 38.1322 0 8.35338 1.20146 1.20146 2.04349e-05 2.04349e-05 6.91561 3.23849 -18.1116 14.7654 0 12 0.1
1
 18 0 0 0 0 0 0
 0 0.02 38.1322 0 8.35338 1.20146 1.20146 2.04349e-05 2.04349e-05 6.91561 3.23849 -18.1116 14.7654 0 12 0.1
1
 14 0 0 0 0 0 0
 0 0.02 60.0989 0 6.76758 1.24683 1.24683 0.00413982 0.00413982 5.3532 1.60206 -8.34669 9.09154 0 0 0
1
 12 0 0 0 0 0 0
 0 0.02 84.4398 0 5.82009 1.10594 1.10594 0.0061233 0.0061233 5.2682 1.60206 -7.81554 8.56039 0 0 0
1
 12 0 0 0 0 0 0
 0 0.02 116.137 0 5.09185 1.00316 1.00316 0.00736376 0.00736376 5.22814 1.60206 -7.56527 8.31012 0 0 0
1
 12 0 0 0 0 0 0
 0 0.02 121.683 0 4.99602 0.989992 0.989992 0.00751719 0.00751719 5.22366 1.60206 -7.53729 8.28214 0 0 0
1
 12 0 0 0 0 0 0
 0 0.02 111.995 0 5.1682 1.01365 1.01365 0.007241 0.007241 5.23179 1.60206 -7.58807 8.33292 0 0 0
1
 12 0 0 0 0 0 0
 0 0.02 133.463 0 4.81346 0.965472 0.965472 0.0078008 0.0078008 5.21562 1.60206 -7.48705 8.2319 0 0 0
1
 12 0 0 0 0 0 0
 0 0.02 139.298 0 4.73199 0.954558 0.954558 0.00792638 0.00792638 5.21215 1.60206 -7.46539 8.21024 0 0 0
1
 12 0 0 0 0 0 0
 0 0.02 156.797 0 4.51627 0.926172 0.926172 0.00825163 0.00825163 5.20342 1.60206 -7.41083 8.15568 0 0 0
1
 12 0 0 0 0 0 0
 0 0.02 184.927 0 4.23713 0.89044 0.89044 0.00865962 0.00865962 5.19294 1.60206 -7.34537 8.09022 0 0 0
1
 12 0 0 0 0 0 0
 0 0.02 218.423 0 3.9784 0.85838 0.85838 0.00902584 0.00902584 5.18395 1.60206 -7.28918 8.03403 0 0 0
1
 12 0 0 0 0 0 0
 0 0.02 238.631 0 3.84934 0.84297 0.84297 0.00920234 0.00920234 5.17974 1.60206 -7.26291 8.00776 0 0 0
1
 12 0 0 0 0 0 0
 0 0.02 234.584 0 3.87387 0.845936 0.845936 0.00916834 0.00916834 5.18055 1.60206 -7.26793 8.01278 0 0 0
1
 12 0 0 0 0 0 0
 0 0.02 228.165 0 3.91406 0.850639 0.850639 0.00911445 0.00911445 5.18183 1.60206 -7.27593 8.02078 0 0 0
1
 12 0 0 0 0 0 0
 0 0.02 209.391 0 4.04203 0.866267 0.866267 0.00893565 0.00893565 5.18613 1.60206 -7.30281 8.04766 0 0 0
1
 12 0 0 0 0 0 0
 0 0.02 284.072 0 3.6105 0.815275 0.815275 0.00952098 0.00952098 5.17235 1.60206 -7.21674 7.96159 0 0 0
1
 12 0 0 0 0 0 0
 0 0.02 272.449 0 3.66599 0.821643 0.821643 0.00944752 0.00944752 5.17403 1.60206 -7.22725 7.9721 0 0 0
1
 12 0 0 0 0 0 0
 0 0.02 306.227 0 3.51362 0.803991 0.803991 0.00965149 0.00965149 5.16939 1.60206 -7.19828 7.94313 0 0 0
1
 12 0 0 0 0 0 0
 0 0.02 348.272 0 3.35503 0.784027 0.784027 0.0114792 0.0114792 5.13174 1.60206 -6.96308 7.70793 0 0 0
1
 12 0 0 0 0 0 0
 0 0.02 336.429 0 3.39723 0.799045 0.799045 0.0110287 0.0110287 5.14043 1.60206 -7.01738 7.76223 0 0 0
1
 12 0 0 0 0 0 0
 0 0.02 322.237 0 3.44973 0.795839 0.795839 0.0111248 0.0111248 5.13854 1.60206 -7.0056 7.75045 0 0 0
1
 12 0 0 0 0 0 0
 0 0.02 352.498 0 3.34061 0.782295 0.782295 0.0115311 0.0115311 5.13075 1.60206 -6.95696 7.70181 0 0 0
1
 12 0 0 0 0 0 0
 0 0.02 376.049 0 3.26452 0.773067 0.773067 0.011808 0.011808 5.1256 1.60206 -6.92479 7.66964 0 0 0
1
 12 0 0 0 0 0 0
 0 0.02 347.631 0 3.35724 0.784352 0.784352 0.0114694 0.0114694 5.13192 1.60206 -6.96423 7.70908 0 0 0
1
 12 0 0 0 0 0 0
 0 0.02 395.69 0 3.20603 0.765667 0.765667 0.01203 0.01203 5.12156 1.60206 -6.89953 7.64438 0 0 0
1
 12 0 0 0 0 0 0
 0 0.02 401.448 0 3.18966 0.763647 0.763647 0.0120906 0.0120906 5.12047 1.60206 -6.89272 7.63757 0 0 0
1
 12 0 0 0 0 0 0
 0 0.02 490.8 0 2.97126 0.737085 0.737085 0.0128875 0.0128875 5.10661 1.60206 -6.80618 7.55103 0 0 0
1
 12 0 0 0 0 0 0
 0 0.02 438.095 0 3.09283 0.76098 0.76098 0.0121706 0.0121706 5.11903 1.60206 -6.88378 7.62863 0 0 0
1
 12 0 0 0 0 0 0
 0 0.02 484.518 0 2.98476 0.738553 0.738553 0.0128434 0.0128434 5.10735 1.60206 -6.81082 7.55567 0 0 0
1
 12 0 0 0 0 0 0
 0 0.02 411.088 0 3.16324 0.771731 0.771731 0.0118481 0.0118481 5.12487 1.60206 -6.92019 7.66504 0 0 0
1
 12 0 0 0 0 0 0
 0 0.02 499.324 0 2.95332 0.734959 0.734959 0.0129512 0.0129512 5.10554 1.60206 -6.79948 7.54433 0 0 0
1
 12 0 0 0 0 0 0
 0 0.02 410.94 0 3.16366 0.772287 0.772287 0.0118314 0.0118314 5.12517 1.60206 -6.9221 7.66695 0 0 0
1
 12 0 0 0 0 0 0
 0 0.02 423.073 0 3.13122 0.76684 0.76684 0.0119948 0.0119948 5.12219 1.60206 -6.9035 7.64835 0 0 0
1
 12 0 0 0 0 0 0
 0 0.02 455.891 0 3.04949 0.746687 0.746687 0.0125994 0.0125994 5.11152 1.60206 -6.83683 7.58168 0 0 0
1
 12 0 0 0 0 0 0
 0 0.02 567.719 0 2.82299 0.719577 0.719577 0.0134127 0.0134127 5.09793 1.60206 -6.75202 7.49687 0 0 0
1
 12 0 0 0 0 0 0
 0 0.02 593.223 0 2.77971 0.714984 0.714984 0.0135505 0.0135505 5.09571 1.60206 -6.73817 7.48302 0 0 0
1
 12 0 0 0 0 0 0
 0 0.02 547.862 0 2.85854 0.723658 0.723658 0.0132902 0.0132902 5.09992 1.60206 -6.76445 7.5093 0 0 0
1
 12 0 0 0 0 0 0
 0 0.02 505.312 0 2.94095 0.733151 0.733151 0.0130055 0.0130055 5.10463 1.60206 -6.79382 7.53867 0 0 0
1
 12 0 0 0 0 0 0
 0 0.02 741.238 0 2.5698 0.691474 0.691474 0.0142558 0.0142558 5.0847 1.60206 -6.66938 7.41423 0 0 0
1
 12 0 0 0 0 0 0
 0 0.02 726.765 0 2.58778 0.69323 0.69323 0.0142031 0.0142031 5.0855 1.60206 -6.6744 7.41925 0 0 0
1
 12 0 0 0 0 0 0
 0 0.02 685.055 0 2.64235 0.699541 0.699541 0.0140138 0.0140138 5.08841 1.60206 -6.69259 7.43744 0 0 0
1
 12 0 0 0 0 0 0
 0 0.02 691.431 0 2.63373 0.698358 0.698358 0.0140493 0.0140493 5.08786 1.60206 -6.68916 7.43401 0 0 0
1
 12 0 0 0 0 0 0
 0 0.02 770.569 0 2.53473 0.687383 0.687383 0.0143785 0.0143785 5.08283 1.60206 -6.65776 7.40261 0 0 0
1
 12 0 0 0 0 0 0
 0 0.02 699.016 0 2.62361 0.697534 0.697534 0.014074 0.014074 5.08748 1.60206 -6.68678 7.43163 0 0 0
1
 12 0 0 0 0 0 0
 0 0.02 695.644 0 2.62811 0.699783 0.699783 0.0140065 0.0140065 5.08853 1.60206 -6.69329 7.43814 0 0 0
1
 12 0 0 0 0 0 0
 0 0.02 752.575 0 2.55603 0.689633 0.689633 0.014311 0.014311 5.08386 1.60206 -6.66414 7.40899 0 0 0
1
 12 0 0 0 0 0 0
 0 0.02 769.548 0 2.53592 0.68754 0.68754 0.0143738 0.0143738 5.0829 1.60206 -6.6582 7.40305 0 0 0
1
 12 0 0 0 0 0 0
 0 0.02 864.293 0 2.43287 0.665805 0.665805 0.0150258 0.0150258 5.07327 1.60206 -6.59807 7.34292 0 0 0
1
 12 0 0 0 0 0 0
 0 0.02 827.915 0 2.4707 0.675685 0.675685 0.0147295 0.0147295 5.0776 1.60206 -6.62507 7.36992 0 0 0
1
 12 0 0 0 0 0 0
 0 0.02 848.714 0 2.44881 0.669993 0.669993 0.0149002 0.0149002 5.07509 1.60206 -6.60945 7.3543 0 0 0
1
 12 0 0 0 0 0 0
 0 0.02 797.988 0 2.5035 0.683831 0.683831 0.0144851 0.0144851 5.08123 1.60206 -6.64775 7.3926 0 0 0
1
 12 0 0 0 0 0 0
 0 0.02 816.951 0 2.48254 0.67851 0.67851 0.0146447 0.0146447 5.07885 1.60206 -6.6329 7.37775 0 0 0
1
 12 0 0 0 0 0 0
 0 0.02 913.787 0 2.38503 0.65434 0.65434 0.0153698 0.0153698 5.06836 1.60206 -6.5674 7.31225 0 0 0
1
 12 0 0 0 0 0 0
 0 0.02 980.241 0 2.32609 0.641957 0.641957 0.0157413 0.0157413 5.06317 1.60206 -6.53503 7.27988 0 0 0
1
 12 0 0 0 0 0 0
 0 0.02 936.128 0 2.36459 0.649542 0.649542 0.0155138 0.0155138 5.06633 1.60206 -6.55476 7.29961 0 0 0
1
 12 0 0 0 0 0 0
 0 0.02 837.182 0 2.46086 0.672778 0.672778 0.0148167 0.0148167 5.07632 1.60206 -6.61707 7.36192 0 0 0
1
 12 0 0 0 0 0 0
 0 0.02 860.465 0 2.43677 0.668871 0.668871 0.0149339 0.0149339 5.0746 1.60206 -6.60639 7.35124 0 0 0
1
 12 0 0 0 0 0 0
 0 0.02 1212.56 0 2.15596 0.63374 0.63374 0.0159878 0.0159878 5.0598 1.60206 -6.51397 7.25882 0 0 0
1
 12 0 0 0 0 0 0
 0 0.02 1080.74 0 2.2465 0.637573 0.637573 0.0158728 0.0158728 5.06136 1.60206 -6.52375 7.2686 0 0 0
1
 12 0 0 0 0 0 0
 0 0.02 1080.47 0 2.2467 0.637607 0.637607 0.0158718 0.0158718 5.06138 1.60206 -6.52384 7.26869 0 0 0
1
 12 0 0 0 0 0 0
 0 0.02 1069.85 0 2.25464 0.637618 0.637618 0.0158715 0.0158715 5.06138 1.60206 -6.52387 7.26872 0 0 0
1
 12 0 0 0 0 0 0
 0 0.02 1115.93 0 2.22094 0.63627 0.63627 0.0159119 0.0159119 5.06083 1.60206 -6.52042 7.26527 0 0 0
1
 12 0 0 0 0 0 0
 0 0.02 1168.76 0 2.18452 0.634683 0.634683 0.0159595 0.0159595 5.06018 1.60206 -6.51637 7.26122 0 0 0
1
 12 0 0 0 0 0 0
 0 0.02 1341.76 0 2.07927 0.635453 0.635453 0.0159364 0.0159364 5.0605 1.60206 -6.51834 7.26319 0 0 0
1
 12 0 0 0 0 0 0
 0 0.02 1354.48 0 2.07224 0.631244 0.631244 0.0160627 0.0160627 5.05878 1.60206 -6.50764 7.25249 0 0 0
1
 12 0 0 0 0 0 0
 0 0.02 1502.06 0 1.98514 0.628877 0.628877 0.0161337 0.0161337 5.05782 1.60206 -6.50166 7.24651 0 0 0
1
 12 0 0 0 0 0 0
 0 0.02 1505.99 0 1.99462 0.630187 0.630187 0.0160944 0.0160944 5.05835 1.60206 -6.50497 7.24982 0 0 0
1
 12 0 0 0 0 0 0
 0 0.02 1512.38 0 1.95042 0.628702 0.628702 0.0161389 0.0161389 5.05775 1.60206 -6.50122 7.24607 0 0 0
1
 12 0 0 0 0 0 0
 0 0.02 1556.67 0 1.91185 0.621228 0.621228 0.0163632 0.0163632 5.05476 1.60206 -6.48252 7.22737 0 0 0
1
 12 0 0 0 0 0 0
 0 0.02 1501.25 0 1.97896 0.628694 0.628694 0.0161392 0.0161392 5.05775 1.60206 -6.5012 7.24605 0 0 0
1
 12 0 0 0 0 0 0
 0 0.02 1563.13 0 1.9076 0.620218 0.620218 0.0163935 0.0163935 5.05436 1.60206 -6.48001 7.22486 0 0 0
1
 12 0 0 0 0 0 0
 0 0.02 1339.22 0 2.08068 0.634277 0.634277 0.0159717 0.0159717 5.06002 1.60206 -6.51534 7.26019 0 0 0
1
 12 0 0 0 0 0 0
 0 0.02 1484.42 0 2.00542 0.630132 0.630132 0.016096 0.016096 5.05833 1.60206 -6.50483 7.24968 0 0 0
1
 12 0 0 0 0 0 0
 0 0.02 1502.55 0 1.98661 0.637134 0.637134 0.015886 0.015886 5.06118 1.60206 -6.52263 7.26748 0 0 0
1
 12 0 0 0 0 0 0
 0 0.02 1627.69 0 1.87164 0.616064 0.616064 0.0165181 0.0165181 5.05271 1.60206 -6.46975 7.2146 0 0 0
1
 12 0 0 0 0 0 0
 0 0.02 1857.37 0 1.77896 0.605316 0.605316 0.0168405 0.0168405 5.04851 1.60206 -6.44356 7.18841 0 0 0
1
 12 0 0 0 0 0 0
 0 0.02 1749.13 0 1.81865 0.609847 0.609847 0.0167046 0.0167046 5.05027 1.60206 -6.45454 7.19939 0 0 0
1
 12 0 0 0 0 0 0
 0 0.02 1859.19 0 1.77833 0.605305 0.605305 0.0168409 0.0168409 5.04851 1.60206 -6.44353 7.18838 0 0 0
1
 12 0 0 0 0 0 0
 0 0.02 1747 0 1.81948 0.609857 0.609857 0.0167043 0.0167043 5.05028 1.60206 -6.45457 7.19942 0 0 0
1
 12 0 0 0 0 0 0
 0 0.02 2174.78 0 1.68404 0.594886 0.594886 0.0173324 0.0173324 5.04226 1.60206 -6.40455 7.1494 0 0 0
1
 12 0 0 0 0 0 0
 0 0.02 2114.43 0 1.70023 0.595845 0.595845 0.0172701 0.0172701 5.04304 1.60206 -6.40943 7.15428 0 0 0
1
 12 0 0 0 0 0 0
 0 0.02 2130.36 0 1.69588 0.594505 0.594505 0.0173572 0.0173572 5.04195 1.60206 -6.40261 7.14746 0 0 0
1
 12 0 0 0 0 0 0
 0 0.02 2021.23 0 1.72678 0.599063 0.599063 0.0170609 0.0170609 5.04569 1.60206 -6.42594 7.17079 0 0 0
1
 12 0 0 0 0 0 0
 0 0.02 2225.04 0 1.67107 0.591402 0.591402 0.0175589 0.0175589 5.03944 1.60206 -6.38696 7.13181 0 0 0
1
 12 0 0 0 0 0 0
 0 0.02 2424.77 0 1.6238 0.586451 0.586451 0.0178807 0.0178807 5.0355 1.60206 -6.36236 7.10721 0 0 0
1
 12 0 0 0 0 0 0
 0 0.02 2093.9 0 1.70591 0.595984 0.595984 0.017261 0.017261 5.04316 1.60206 -6.41014 7.15499 0 0 0
1
 12 0 0 0 0 0 0
 0 0.02 2061.61 0 1.71503 0.597549 0.597549 0.0171593 0.0171593 5.04444 1.60206 -6.41815 7.163 0 0 0
1
 12 0 0 0 0 0 0
 0 0.02 2634.63 0 1.58015 0.581531 0.581531 0.0182005 0.0182005 5.03165 1.60206 -6.33834 7.08319 0 0 0
1
 12 0 0 0 0 0 0
 0 0.02 2954.14 0 1.52285 0.573833 0.573833 0.0187008 0.0187008 5.02576 1.60206 -6.3016 7.04645 0 0 0
1
 12 0 0 0 0 0 0
 0 0.02 3144.26 0 1.49295 0.570659 0.570659 0.0189072 0.0189072 5.02338 1.60206 -6.28674 7.03159 0 0 0
1
 12 0 0 0 0 0 0
 0 0.02 2575.05 0 1.59199 0.58307 0.58307 0.0181004 0.0181004 5.03285 1.60206 -6.34581 7.09066 0 0 0
1
 12 0 0 0 0 0 0
 0 0.02 2875.52 0 1.53606 0.575391 0.575391 0.0185996 0.0185996 5.02694 1.60206 -6.30895 7.0538 0 0 0
1
 12 0 0 0 0 0 0
 0 0.02 2884.64 0 1.5345 0.575355 0.575355 0.0186019 0.0186019 5.02691 1.60206 -6.30879 7.05364 0 0 0
1
 12 0 0 0 0 0 0
 0 0.02 2949.76 0 1.52358 0.575257 0.575257 0.0186083 0.0186083 5.02684 1.60206 -6.30832 7.05317 0 0 0
1
 12 0 0 0 0 0 0
 0 0.02 3028.88 0 1.51076 0.572459 0.572459 0.0187902 0.0187902 5.02473 1.60206 -6.29515 7.04 0 0 0
1
 12 0 0 0 0 0 0
 0 0.02 3228.89 0 1.48048 0.569233 0.569233 0.0189999 0.0189999 5.02232 1.60206 -6.28012 7.02497 0 0 0
1
 12 0 0 0 0 0 0
 0 0.02 3679.07 0 1.4214 0.5616 0.5616 0.019496 0.019496 5.01672 1.60206 -6.2452 6.99005 0 0 0
1
 12 0 0 0 0 0 0
 0 0.02 3231.79 0 1.48006 0.569226 0.569226 0.0190003 0.0190003 5.02231 1.60206 -6.28009 7.02494 0 0 0
1
 12 0 0 0 0 0 0
 0 0.02 3210.94 0 1.48308 0.569285 0.569285 0.0189965 0.0189965 5.02235 1.60206 -6.28036 7.02521 0 0 0
1
 12 0 0 0 0 0 0
 0 0.02 3844.45 0 1.40228 0.559974 0.559974 0.0196017 0.0196017 5.01554 1.60206 -6.23788 6.98273 0 0 0
1
 12 0 0 0 0 0 0
 0 0.02 3282.24 0 1.47286 0.567808 0.567808 0.0190925 0.0190925 5.02126 1.60206 -6.27353 7.01838 0 0 0
1
 12 0 0 0 0 0 0
 0 0.02 3565.36 0 1.43526 0.563245 0.563245 0.0193891 0.0193891 5.01791 1.60206 -6.25265 6.9975 0 0 0
1
 12 0 0 0 0 0 0
 0 0.02 3279.85 0 1.4732 0.567815 0.567815 0.019092 0.019092 5.02126 1.60206 -6.27356 7.01841 0 0 0
1
 12 0 0 0 0 0 0
 0 0.02 4821.94 0 1.30948 0.548126 0.548126 0.0203718 0.0203718 5.00718 1.60206 -6.18569 6.93054 0 0 0
1
 12 0 0 0 0 0 0
 0 0.02 4574.21 0 1.33024 0.549845 0.549845 0.0202601 0.0202601 5.00837 1.60206 -6.19314 6.93799 0 0 0
1
 12 0 0 0 0 0 0
 0 0.02 4261.19 0 1.35897 0.554186 0.554186 0.0199779 0.0199779 5.01142 1.60206 -6.21213 6.95698 0 0 0
1
 12 0 0 0 0 0 0
 0 0.02 4424.58 0 1.34361 0.552647 0.552647 0.020078 0.020078 5.01033 1.60206 -6.20537 6.95022 0 0 0
1
 12 0 0 0 0 0 0
 0 0.02 4281.12 0 1.35705 0.554154 0.554154 0.01998 0.01998 5.01139 1.60206 -6.21199 6.95684 0 0 0
1
 12 0 0 0 0 0 0
 0 0.02 4864.45 0 1.30607 0.546771 0.546771 0.0204599 0.0204599 5.00624 1.60206 -6.17985 6.9247 0 0 0
1
 12 0 0 0 0 0 0
 0 0.02 4019.39 0 1.38331 0.557066 0.557066 0.0197907 0.0197907 5.01346 1.60206 -6.22488 6.96973 0 0 0
1
 12 0 0 0 0 0 0
 0 0.02 4748.97 0 1.31543 0.548218 0.548218 0.0203658 0.0203658 5.00724 1.60206 -6.18609 6.93094 0 0 0
1
 12 0 0 0 0 0 0
 0 0.02 4198.03 0 1.36513 0.554294 0.554294 0.0199709 0.0199709 5.01149 1.60206 -6.21261 6.95746 0 0 0
1
 12 0 0 0 0 0 0
 0 0.02 3984.19 0 1.38703 0.557161 0.557161 0.0197846 0.0197846 5.01353 1.60206 -6.2253 6.97015 0 0 0
1
 12 0 0 0 0 0 0
 0 0.02 4089.98 0 1.37599 0.555661 0.555661 0.0198821 0.0198821 5.01246 1.60206 -6.21865 6.9635 0 0 0
1
 12 0 0 0 0 0 0
 0 0.02 5846.75 0 1.23748 0.538101 0.538101 0.0210235 0.0210235 5.00034 1.60206 -6.14306 6.88791 0 0 0
1
 12 0 0 0 0 0 0
 0 0.02 5836.58 0 1.2381 0.538105 0.538105 0.0210231 0.0210231 5.00034 1.60206 -6.14308 6.88793 0 0 0
1
 12 0 0 0 0 0 0
 0 0.02 5346.29 0 1.27018 0.542462 0.542462 0.02074 0.02074 5.00329 1.60206 -6.16144 6.90629 0 0 0
1
 12 0 0 0 0 0 0
 0 0.02 5415.22 0 1.26543 0.546499 0.546499 0.0204775 0.0204775 5.00605 1.60206 -6.17868 6.92353 0 0 0
1
 12 0 0 0 0 0 0
 0 0.02 5601.53 0 1.25297 0.539598 0.539598 0.0209262 0.0209262 5.00135 1.60206 -6.14934 6.89419 0 0 0
1
 12 0 0 0 0 0 0
 0 0.02 5520.02 0 1.25835 0.540994 0.540994 0.0208354 0.0208354 5.00229 1.60206 -6.15522 6.90007 0 0 0
1
 12 0 0 0 0 0 0
 0 0.02 6112.19 0 1.22171 0.535362 0.535362 0.0212015 0.0212015 4.99851 1.60206 -6.13164 6.87649 0 0 0
1
 12 0 0 0 0 0 0
 0 0.02 5992.61 0 1.22869 0.536665 0.536665 0.0211168 0.0211168 4.99938 1.60206 -6.13706 6.88191 0 0 0
1
 12 0 0 0 0 0 0
 0 0.02 5267.32 0 1.27574 0.542633 0.542633 0.0207288 0.0207288 5.0034 1.60206 -6.16216 6.90701 0 0 0
1
 12 0 0 0 0 0 0
 0 0.02 5366.49 0 1.26877 0.542442 0.542442 0.0207413 0.0207413 5.00327 1.60206 -6.16135 6.9062 0 0 0
1
 12 0 0 0 0 0 0
 0 0.02 5539.94 0 1.25701 0.540975 0.540975 0.0208366 0.0208366 5.00228 1.60206 -6.15514 6.89999 0 0 0
1
 12 0 0 0 0 0 0
 0 0.02 5660.91 0 1.24913 0.53956 0.53956 0.0209286 0.0209286 5.00132 1.60206 -6.14918 6.89403 0 0 0
1
 12 0 0 0 0 0 0
 0 0.02 5807.65 0 1.23988 0.53812 0.53812 0.0210222 0.0210222 5.00035 1.60206 -6.14314 6.88799 0 0 0
1
 12 0 0 0 0 0 0
 0 0.02 7341.58 0 1.15958 0.526819 0.526819 0.0217568 0.0217568 4.99289 1.60206 -6.09664 6.84149 0 0 0
1
 12 0 0 0 0 0 0
 0 0.02 7275.57 0 1.16249 0.526844 0.526844 0.0217551 0.0217551 4.99291 1.60206 -6.09674 6.84159 0 0 0
1
 12 0 0 0 0 0 0
 0 0.02 6587.83 0 1.19574 0.535844 0.535844 0.0211702 0.0211702 4.99883 1.60206 -6.13364 6.87849 0 0 0
1
 12 0 0 0 0 0 0
 0 0.02 7552.61 0 1.15038 0.52539 0.52539 0.0218497 0.0218497 4.99197 1.60206 -6.09087 6.83572 0 0 0
1
 12 0 0 0 0 0 0
 0 0.02 6689.31 0 1.19054 0.531029 0.531029 0.0214831 0.0214831 4.99564 1.60206 -6.11377 6.85862 0 0 0
1
 12 0 0 0 0 0 0
 0 0.02 7524 0 1.15161 0.5254 0.5254 0.021849 0.021849 4.99197 1.60206 -6.09091 6.83576 0 0 0
1
 12 0 0 0 0 0 0
 0 0.02 7091.39 0 1.17094 0.528267 0.528267 0.0216627 0.0216627 4.99383 1.60206 -6.1025 6.84735 0 0 0
1
 12 0 0 0 0 0 0
 0 0.02 6372.26 0 1.20717 0.533878 0.533878 0.0212979 0.0212979 4.99752 1.60206 -6.12549 6.87034 0 0 0
1
 12 0 0 0 0 0 0
 0 0.02 7041.92 0 1.17329 0.528289 0.528289 0.0216612 0.0216612 4.99385 1.60206 -6.10259 6.84744 0 0 0
1
 12 0 0 0 0 0 0
 0 0.02 7116.24 0 1.16981 0.528257 0.528257 0.0216633 0.0216633 4.99383 1.60206 -6.10246 6.84731 0 0 0
1
 12 0 0 0 0 0 0
 0 0.02 6325.13 0 1.20974 0.533899 0.533899 0.0212965 0.0212965 4.99754 1.60206 -6.12558 6.87043 0 0 0
1
 12 0 0 0 0 0 0
 0 0.02 6724.69 0 1.18875 0.531013 0.531013 0.0214842 0.0214842 4.99563 1.60206 -6.11371 6.85856 0 0 0
1
 12 0 0 0 0 0 0
 0 0.02 6552.27 0 1.19759 0.532443 0.532443 0.0213912 0.0213912 4.99657 1.60206 -6.11958 6.86443 0 0 0
